185979
74334678
51081683
84403878
18517239
63842478
58574019
32551261
23047191
52855169
12204820
20744772
80347478
10317518
40656219
91174650
68405974
59786098
83062245
20926523
62452313
36428055
83911556
87079431
65334341
47504817
29630325
59178266
37204131
79614370
73381887
98181303
99000988
20800350
77580513
28534405
98205169
54327046
63446390
53782034
89594524
78388156
3193605
85668265
50238358
16541709
39015436
26089532
70200019
64271959
64315121
7340568
95038919
97707990
65780666
1874455
85737091
40853974
80807678
62626806
35835345
19195600
68478550
89214168
4419313
77258164
28569509
78806302
49746595
31654515
30442970
75204109
71357820
97634130
80555455
89828323
95513562
62979641
87949655
62906444
36886222
92371555
73656291
19429684
43156989
96183928
77355323
99055779
173837
40309141
66708595
15795967
3717739
65097043
98247122
87518184
47131235
38155530
14919233
52048078
44938348
95634007
73857137
6665795
6872701
52036037
99767464
63928045
91862207
31215706
10317695
32362316
43026894
3969758
55181400
58783365
69754368
15505360
83288676
18723803
53307261
13123911
71352551
89962622
30903061
56201104
97545479
26957647
46271480
3970017
80119616
58773866
60140428
57068865
87852325
59241057
33301063
66066220
66847671
39016843
95821092
29453792
68604615
95264916
45125065
6837437
53949610
23278982
61092911
42463722
38649622
55426477
64907155
6772117
84509076
57144598
3130162
65027391
90999384
98480906
32830542
99741020
27221543
37923696
20790863
4557484
47570893
33985086
27680945
79985990
27887697
89430504
2093981
87490981
39800126
89684141
54008366
65231262
91413171
5184983
68390177
89090290
1183414
94861020
76889615
89342159
2015140
14196843
7127196
36089950
40825852
78579573
29059640
58443358
99094246
23246160
89408009
22696014
85010951
37175317
9495977
3216600
39330646
72674578
98673528
84233892
89557482
47615438
41937601
34885841
81247086
72929827
18950692
30643009
81561326
21971111
16534569
84008018
95732630
86256749
8640794
76756016
8181645
32428146
26559131
20934397
96838760
61803805
95893179
25386118
27567565
77547524
9417882
2907437
37306331
55265479
59564699
35200603
19032187
93268880
75851091
168523
88516626
86786961
80775371
9470420
22001565
28378412
44971040
28411133
11196940
81011949
13117636
62071282
68008038
49275955
76483492
40108613
75289994
69529149
94442849
85824524
15176583
16227211
16979060
15593383
1734115
50881481
46169580
52964799
14379605
68031440
52111820
24713833
7968126
59897845
5127082
87351421
45526535
70930397
69338947
38080460
86390982
25030516
39465060
86018482
83396861
94599608
33582975
38669033
70039669
27771009
42392519
27694119
57280543
49148125
45196123
64362138
31535511
98475988
22437298
16039918
87206902
2134020
87827405
73517309
96990741
26742425
25480674
94967637
76079889
67296645
81649870
26433884
32086998
9629004
36804570
74361561
79417457
86258760
38983366
75255801
59107258
6193714
17234473
98750251
9995094
84675044
9203007
82988392
43825430
78317473
10477952
6629166
58031724
4905512
57842232
26438953
88096371
31610553
6159243
56469363
34999456
88369467
25771458
17477873
72043345
72615771
97177608
9517841
72231256
67340206
19477545
54725665
30258723
20355678
40738182
41288850
76903814
7338682
10516791
59652120
41810587
61026263
88143231
64422037
10888024
5385188
6964902
60409492
72919067
75903851
33278867
20157033
47428093
48965629
80133878
31283941
93542900
75974626
7277749
31887061
53271315
37760142
52320724
68961341
55624874
22953124
60439578
41530948
5876353
89225948
2595081
79308290
43890163
43938980
15241853
74615680
60947669
12995590
96276071
53599269
85332836
21876408
27603650
78077156
12639277
46839262
69539450
61208681
55273213
91765810
19209379
57075346
20022418
85223087
30711867
5485184
81954225
58595846
47373111
20844567
86386866
32102615
27933826
48779482
49267053
18447446
67737226
27742405
53806109
55032081
83810957
87336044
65007874
81849251
69237042
46340712
74931008
7787712
83069120
51155994
83202473
38572175
72058726
38125702
17382238
91985345
82745820
76991235
3300947
37916204
77526135
60550998
28371872
98400425
64809079
28107310
69172507
74868844
23072913
8856257
96416910
60069728
56119619
89092245
64704896
67159254
62184801
62013966
17596902
2421349
49968430
78766873
99762133
85369300
29704682
19561512
60952005
24071974
23664387
875732
77102484
51042696
32043497
89386609
6541962
58636090
15605446
22180347
47757262
79673212
48329813
43776891
99893125
15163726
21958270
27726116
22174682
2842513
21599047
80401803
1302315
59648241
89764832
33912830
95693804
22200130
93747040
5468395
34364653
99314097
20610781
55734458
72300613
39906114
61940002
4361149
72380495
84435839
56443391
53412983
96716508
53766153
39566092
14485877
42664735
78280107
59670831
82605419
85945863
78716497
58391772
27160360
90813982
44863832
22538256
96251031
49760583
88845667
63167478
27059380
78847727
64218670
2173363
50260250
68721631
78414772
8715001
54172809
40838114
96550885
9981762
58206184
61775373
18834797
91494260
8079967
15253657
97642291
14471511
88614023
99571199
1870460
49638627
42770882
21218557
52769280
54820033
85513917
97520184
62238297
93607072
4986328
16798944
21248187
694771
50281790
44196506
65705356
36997328
39654621
69516105
79802102
54761032
90800418
70697218
80996919
71461617
87900483
28636296
24126951
6105929
74329590
58122852
22131080
76999575
49870694
86180231
19573036
60235515
92511196
75017679
99898606
14473710
55275386
3882429
42470549
63003806
26824509
6991810
50443041
17549637
46799719
86371177
83870832
7659178
60295868
85509911
78897884
22022099
11014245
85385731
40955882
41449036
73239499
68462793
60779221
68413128
45831935
97442423
38452797
66875289
36070961
55593954
27544668
42004886
64099560
72601123
10197402
82419736
78372211
99110379
42552937
62255031
36978807
11662792
86243113
10585991
41353219
51000968
30470651
55342126
2508086
38341463
55768270
22699023
80226724
82723960
37933571
37473036
33840313
31831423
51046719
1490660
65541774
8976675
36377137
92558241
72631794
55752287
49686068
38710149
12418107
71977192
75901232
67938993
52250434
54823471
61453818
46936636
43239327
18242621
62423932
6986747
56474715
22716246
92420546
97508970
89174912
97226728
58842865
18353516
72249008
35477074
12787361
57789550
74851293
15280038
51732399
49574216
86244539
29189303
12689299
7950732
26688441
78236923
2186300
88535182
73050329
43815762
8599538
71381290
93135801
9433255
91604124
42944180
1395477
84454116
99529548
51962480
91050182
76536825
46170391
77275827
65607061
62929802
39660772
84594091
96537187
30505493
48332394
72885998
48078900
54505293
81762902
95342016
80550088
49781047
10014950
11934979
29323720
15553189
31852432
30786830
10352067
24525880
95258013
77915097
85524663
5442904
12852041
95231666
88417851
577306
34420260
81153750
7329771
40168888
83260778
55277375
70079561
58065388
89870020
31809648
54271864
82603953
64872984
34258144
13494502
83058889
95900350
55519748
51243846
50843595
57955677
77052900
9683714
46150172
40979556
91535187
85957565
30198479
44316994
97067573
57165974
84132548
96712897
12175946
54902179
72168406
44949526
12595594
3542662
51255580
63786159
16197129
11491773
57775002
72594208
72460414
27560640
49437032
52858408
30720064
38189121
53297945
67282761
28136583
51326972
96098777
17436886
93359308
72964971
54268048
77271071
95862916
85142170
50300884
91770510
2313173
53558291
74334488
8524856
98826432
1640180
98499250
11249281
89867047
73314520
3751460
88189307
95315176
21445578
29357539
32036751
16880947
20499390
37475618
48620800
50509070
94595933
96706302
57580204
20383866
50543855
68091403
68959930
38637077
91381564
2377446
44410919
6693231
93908402
67463671
69206579
69965416
23401020
27161958
45478863
86163093
4174924
97440386
18551690
34417376
41074440
52228265
51315191
26914932
45162499
92615606
67332249
1107618
24227755
52531314
98200452
40865974
39183851
96644979
60990715
68309668
40135009
16160631
17086468
11004820
59545259
29473737
95991760
93510206
90422572
98430789
39341113
97448126
41727612
40486566
65223417
67434683
46628091
64676072
95001546
7747135
78610010
79786707
65490995
30724228
88426907
33451226
41213071
23014164
42087838
21578079
711426
93519966
47962681
99842428
4889097
66334348
67513780
69718102
95134778
87796791
90674472
93950469
65989129
64260406
2205167
64723594
93781989
93484307
32525273
91914681
66477614
98776546
13272022
9270143
70254528
45361277
72844386
47539862
17440518
21060093
45210369
13030051
13188853
20662797
37156455
70546468
99901790
51833259
30918636
8797324
34432292
60568760
77099611
87499687
95508640
74486249
64459740
36709374
42788198
2079158
71313846
40248061
18706681
66634922
48361008
60501828
25985187
66283408
61277443
36096958
51265645
96326542
23876712
33200118
92075087
31572547
69190196
60551610
86519889
24065113
59330240
60642941
49870184
53194656
5133900
73768659
74441950
17567343
72788438
77746681
43973338
24242593
42889448
60567010
95038605
21673988
78261831
61709511
39799869
31228997
34880597
61894283
79849127
89237865
36962354
33326161
90948188
40664275
56260117
48076168
89526592
97709806
36580273
26409144
97577518
70629615
64766511
68960394
94809741
35209563
81308054
52813178
10277030
76247231
88178227
3975975
82252422
13575354
44612435
77871835
87007423
43539014
21514085
80102536
47185213
20862859
80188801
33540605
85166957
8635423
36263326
65566011
53674170
52852817
21266719
96360803
88518831
55879372
74734540
48473081
68537048
6498265
51552039
51648719
32069900
26900466
86750855
17859831
69554705
44986311
99382985
47452652
19541585
67334889
132867
72408134
77186713
34890367
78490758
90391927
44269704
16113211
27927143
16939199
35906142
13803386
60343293
28219452
37463703
34977722
80103944
80911431
79740074
58444471
41316617
89325873
46486531
92468559
36113742
16571181
76548841
28108881
30480946
94718510
44812999
80337193
46550805
9247462
82541268
79936345
61095701
74716837
35842978
59500587
6696814
11002978
63405804
73655505
86454004
38357715
15071395
5013056
94785877
98489788
42489040
47461898
6048840
85256152
57211482
90610402
94887896
95341517
14867138
77651557
34431535
77454334
14332473
23007745
3985595
58112926
54271093
28562109
33809974
60129660
88897543
9388027
44892330
64740655
29050918
61042563
62596993
98811289
44602362
57778776
97066608
38184244
58188509
39446843
30830685
42649608
97335762
25703156
9286866
15271845
56623533
13569760
65813017
42505256
553987
56721554
6186872
94105394
80506891
28117773
55739607
46969566
949068
22483396
72797614
11529905
39841050
83000751
66087058
33068926
47680050
79678300
91830360
9713204
44123324
57217323
86779837
58176534
53240108
63827200
24425986
55516841
64274434
99761310
84760909
28464383
38788649
45487355
35615926
5989808
32347852
12306147
53940469
69469763
18341990
24010136
99598827
82053402
62635113
50292453
108407
26304281
98892116
14707043
56000831
30427144
84950557
61267219
31467273
45598346
45330989
63797114
24047829
79730195
53741174
42282658
9419010
3587805
87197407
71113018
19414169
24706498
22276840
55199497
79331372
39725414
56553575
44456137
52466928
18560613
43990364
62330585
23011796
28219531
94412889
76596063
95504344
35371662
9674108
51298243
46475749
73822065
73893521
43657249
73918597
51759752
94024398
42581660
67144978
15722386
78819914
48979616
81757082
32135796
58345152
43542256
757215
53121388
48239123
10584548
48558480
23776165
88771328
70035230
11453229
18871994
18002638
43087464
1665037
60158178
70281707
67117193
12492949
34449288
52555802
37804522
48029373
88505796
40927831
60485294
50648704
74741844
3969634
76879111
49184188
75293280
22680162
49047236
78509207
16956172
19274869
53378986
90448048
52813587
69989877
32596918
6681913
82672286
37524428
16540563
1296485
34783461
99708191
25576294
63027241
21927305
85270898
51247267
42427239
14224602
71231188
30899174
19823808
62990878
9987882
34010939
4150509
25555708
84988060
62229454
50429670
55865521
88554721
62527934
85883308
51421975
26538676
1192252
22065822
63762403
56174272
74721682
15299832
95046207
45828990
10976700
57968739
62630409
4149043
13407705
95356116
55279970
78771899
48917930
76914335
29281168
15462448
7965140
48601536
13758824
56964971
13209112
91347673
31106408
99945445
75700478
29623761
93867587
32681744
92046224
42631728
65126533
45293724
97289431
21235372
14889471
21107778
74836644
56519084
36711972
8539235
12801209
62530755
50893273
17615802
80051794
13278117
53884674
75318020
29838837
36831872
36176395
2111111
73442389
91280788
94479867
34510421
90341058
97485076
29608197
51534139
69578764
11590644
72666076
55701927
48636207
79188320
81475877
926174
57639549
4507484
48742790
8550195
51316427
14865769
33586131
61353014
95522229
5983446
9474627
83929040
4569169
14919639
74022875
86898095
14199468
69839326
97425133
44572040
58268365
18235240
81720890
6758853
14224496
68219068
51149621
76763068
18538459
70739354
80627547
64186709
57801899
18673849
70115030
96994401
47998317
92293656
62820142
58938530
95593168
52717238
25357009
25652359
43312963
98814931
19262613
78000021
20653950
37365275
32969216
14876934
48511068
31083696
36694896
70494510
73093628
40172682
68486716
5910819
79214184
20689109
96746506
28185420
65074149
3367523
91588848
3575096
59979426
38670482
22784091
40453390
27280180
49853290
13701533
5737502
35825145
81511375
57749899
21233726
12353040
2546500
60342164
95299128
99407140
40113234
18063358
50916747
4560860
12876181
41182888
15748153
23651409
51159416
81565842
31452794
70569207
55686002
80749811
8667832
9127584
61515121
22523531
15151885
27655709
97283762
53816121
64588976
44354951
64192018
11779151
16294659
6290644
95635754
20568529
61828667
81482585
49997520
2194725
47565504
65796281
15863602
63501490
28812734
23137068
11867679
91493069
49940268
88015660
744242
55412508
44764467
61517330
18796708
73209290
5878241
64500032
68839288
59469114
12353204
75138209
49128375
8783158
40549647
60288388
5045398
47937814
38620531
42051422
37130501
43385776
16133987
41912733
72125204
60100214
74393998
32657855
68156148
64494050
97037526
14322457
5772489
56347419
47066235
13925188
53662174
36868443
86973635
57678669
52322810
81246455
79385054
58867474
14511309
48247053
89948655
5528929
16728735
75936184
62271965
71057880
17739125
95434801
61211295
13915222
46736374
60978933
87127394
80003835
18690706
89464683
74706788
30742352
37962049
28692981
57065215
25437835
4245547
48700210
17939712
90468977
65804358
88309693
11628841
89970812
90126394
59757776
52137217
84828788
74914300
14638207
83561087
84831193
7109340
11161657
53998019
70091975
3758694
15742639
38922275
71118766
76896874
69617755
45922665
68679756
35410287
42937534
19443972
68021912
11287794
73546927
97117827
68665380
60043306
4338138
98268510
19516956
52306738
34541683
55831884
24131300
74498392
85530150
36191567
55292427
57305663
43837620
38548564
41585162
38865988
67046035
81644580
276363
89368319
12584780
81297980
85296045
22960249
98448616
76879696
42486388
63290001
42425840
44968840
92365817
14756108
31899912
36713812
78439778
79689482
20333057
40356186
39884520
23070727
8054716
52206933
98894327
50092228
81834882
69828640
93928634
6729918
79587922
67638020
96966319
18135443
65804618
16638143
46665033
83079271
15797324
9867425
92884554
23475125
87314888
36317452
19593652
95720857
85500307
63033705
60425358
28818014
21124148
37558814
15908753
79975874
31283256
65545476
55126675
21210663
63888753
48186708
76537107
46994282
89301279
55596797
61568794
41471313
1181906
1988943
19408517
75442460
57929387
15835408
47590645
32768021
31801723
39954636
23135579
60846897
79614556
4703717
69583083
10344661
85450079
63789119
19504988
49342760
96365572
61085643
99362530
45576316
36317099
74373489
74405260
17228190
92888332
65162031
87424261
825228
45919221
8556424
44509915
49245899
81010901
53246345
34433529
57478816
2894514
34021876
18746235
7668963
60708075
68762196
70106048
76673504
37264155
20112979
32568368
72235811
29473298
11799720
43519008
28576192
78870630
63110365
98650876
36724916
66223560
42473428
3766441
58839016
22808881
4459125
70054900
58256200
33166926
18479761
64026477
33451052
24303518
33311507
425770
10044428
41561703
89920324
60134986
5102720
48438692
69562267
37203037
10882055
28343821
84090174
46357651
69683728
33685290
43317235
61764040
7497059
71216735
58555722
62562959
58156913
71561350
66114316
1627080
63775411
29518403
71573260
71127758
69557880
24732828
8508473
66429012
55903342
21951475
8230081
44747470
59268024
470637
12578446
66005265
8917982
18086750
59858843
76231874
83821931
81892403
19191136
58323584
51929325
69184614
85596858
78273296
72726937
53629405
42230084
49324960
61510718
58227358
29220118
81259779
10254699
26318927
79900315
51057922
67173125
25869409
84093056
82211627
22086844
52287747
35916360
55288702
32258133
71336679
39790877
32341820
38144730
867785
78590020
3247141
29221145
93144886
18255072
39625847
50713848
46548211
23071225
38648875
45886642
59964705
57811501
64894947
38745923
69372945
69824386
29160209
56862916
77098783
67353226
7536426
25774302
31506153
54097881
23224589
33898277
18550566
22638572
42211392
95058335
55855066
56498886
13211606
88449480
17540386
26772491
984773
37847158
15603886
60109738
20669644
20990481
41591008
30477402
48106269
74164048
60284296
16753281
55781140
67640325
81086394
510309
2361448
99386337
45363343
91833850
79834681
67006085
8942166
37276356
66291724
82529449
5048688
71443303
33975150
85160775
12636650
20770525
76444039
55928561
89064442
58231160
44167332
9014646
47852324
65489657
43040756
90990609
11109961
71026029
4846490
97531702
74519057
15616023
12076466
4390021
51867044
74765156
47838734
89885636
30162533
76807531
92737451
59789102
46054320
16061068
15606295
44771953
11688515
94373736
18643155
44861027
70690283
32087866
10452372
59609061
52325993
14186072
15971380
71950773
47026311
80060802
24691350
45687241
26045407
73862561
77755989
69224608
69195193
87737380
83144821
33816022
60032523
20358980
11695155
11868843
53345104
46706270
37460062
98803217
74302904
57416095
50216242
39372045
79085373
12147600
69088790
91980725
42011922
24171345
44523765
34931608
47462186
43834248
8935599
40692088
66201780
64489700
46321585
37848959
6792963
78836932
46767574
85611723
90039433
69304284
70224105
12370698
25081654
90369212
68476413
53288933
66837904
122535
55587067
26950153
41948078
81163627
15838975
48059243
76515389
36120429
35957414
19626879
11772265
1345522
29142172
96435751
47329666
60835832
55440181
65373787
48719874
86495755
81941998
95948014
75247733
90970394
50334357
21636253
40705211
75213568
15990771
48675580
53949049
64281804
89042276
18031315
54410937
48439056
88323735
248482
4766156
91941565
13253566
73893703
13380533
66500690
58118427
53693256
66838719
18192585
2459284
41562312
88693797
39758332
85027301
45155771
70797282
66982824
69996983
74588759
26329577
5614439
69214536
20570055
44696422
11713201
8963684
22102164
92465579
8734276
94364174
54461316
22256639
79442757
8625062
48970429
58948602
86683444
84811844
76250470
71677064
53320272
57145331
47241493
55561135
48587263
20306618
59372896
83371510
95285582
60840031
24786434
34554214
57613101
53746891
6341611
81720433
95225610
18719978
20485435
92045546
96526254
77784403
28168367
29357775
8854880
69989133
30014236
79852701
77710745
95278892
86171408
55125486
8643291
25185046
11350616
61531459
2135224
45918571
63616834
56789090
20761637
21647657
91658944
68240736
6033591
35983789
36082229
13215262
39842722
90104945
65811599
83652143
22733839
82680046
93071652
81590861
85187576
91976265
35826482
89264832
87267761
41620844
22666013
47529888
24479638
96229519
293249
77617944
73840143
41875409
52091611
68845182
66815660
91895261
12108385
49842941
3580718
63256128
56884146
99320323
70357932
79388390
28841252
46799514
24450768
90702288
18496400
90801329
96897095
6656135
71913284
95151397
24064180
43825604
19912442
3720793
94208815
82537819
18675066
53518064
16915300
45435078
7771233
19359483
43066122
87480608
88774385
49794469
94646204
81004017
85856098
97120140
33383509
80935831
45169888
51113537
3366679
59712840
19191179
70264985
44854508
16811420
14365264
94496222
40264904
48564004
94815445
95604318
32053671
15827492
32375875
31902447
48265008
17079723
89896845
35402790
14469196
66168487
35118046
83866232
45031989
9713433
51742584
23888710
61514953
7003383
12412952
95993673
99152615
61316454
1380421
84478487
87595753
56973926
29247353
81185135
70855244
13328798
81063765
75555563
42086437
65848241
75163239
9655063
38009213
74830889
16391382
29845120
17119620
64557181
54005276
78750215
60131684
91145905
96534080
67528883
14939280
99542370
382809
23618081
4016542
33470995
85367373
39556007
42144228
11914428
5553519
87712001
68008559
33146755
49754695
47942753
27351928
11266610
49645788
48179197
40299098
87449903
17323339
11921605
1631341
3021847
43826601
5991519
38095468
50328560
67161241
76140190
45966269
46715075
93187957
73805166
32382143
64037529
71045425
34711023
36586708
64270182
3267672
87088842
54928236
31202651
18274374
18487769
52376503
67264921
30055608
88758246
52446559
65990511
34629405
88500186
73491005
70344157
20895849
19815739
41886490
3470116
94383105
82559876
36626146
11554333
58391178
5289495
92087900
69248974
64063184
33101191
80655279
69650688
15292523
67199557
65242727
5190122
17071783
20076102
30089953
86114998
29115733
93743455
71229206
54845815
70864317
29233450
42934672
35667922
15653976
26551048
45809532
50747129
37123623
57900103
81361724
47912350
45360920
47920094
85421149
46101357
73845577
2102882
3978756
6680685
90645463
15943033
35537527
9803371
84659839
60837505
50914561
87293719
85134924
14047214
17787061
45789014
54977164
3242928
19407843
45342373
33173558
42478759
30589002
80154896
31407847
73215732
21968959
64579105
6179490
29263077
31566872
4909319
92379780
29505875
67563688
67795276
36747379
79506573
69973836
56082757
94198902
93009863
49071688
72368452
72045570
98548955
33889826
31923421
44069234
20808836
20224592
54085516
21353259
577294
12001574
39414721
8315005
470594
60094958
70831989
18406803
26799288
24057898
17583573
28895092
6997195
23079925
4739893
53327248
52146202
18865634
25843300
61832145
65671876
28970067
63847637
85937620
66786276
44260123
54090351
81377282
86659511
51406440
86907836
11873019
97042040
44635197
4843971
6840628
25147825
9897229
32041059
57915012
85196481
92449816
44967227
43905463
81722504
15127937
3191736
79472225
8492273
29698233
60525241
48776989
86116354
44484391
74955545
76722008
30140849
16479424
89666173
19078792
32085579
99765129
90090558
42076059
4030681
12557994
81870133
69261720
2294019
95746028
25528856
18481415
34053365
59973541
61914958
84151543
99915045
14450119
6153818
91732931
8635302
67029202
97776737
61375084
89553117
34030569
68279090
82795727
19314727
45954773
54222326
22559705
3896549
32266152
3340322
4055499
11152674
26407953
69858808
75846605
16237484
46556155
67043064
70448626
94898298
39473629
98571959
16391881
41243024
37637519
84994271
47225446
42605222
28992534
23947573
93198865
63542173
67257368
13125019
81187754
43575045
46167407
97588907
81515591
76616281
32956785
84792045
36122638
84886594
80147608
91808993
83418521
71694406
59417348
70549112
85941435
49297520
23251181
49776617
12736141
71016509
66771682
58302266
81093446
77739020
39554843
2832493
2891950
16130633
45789514
98486709
79144924
47877507
28571806
18484414
23806794
79244478
23054133
83906816
18858192
65654471
63902242
45328143
83274482
40127746
32457870
41404643
72921111
45052568
59485294
64195580
28516281
27975146
95595471
54683768
22342975
22030974
66037281
15437272
208463
41696672
60746534
11292019
97367290
73532710
51973322
79613176
68104920
34158360
3154166
27157471
71700326
30995257
65593272
9675700
57723850
31630061
24861289
66343972
91244775
79052925
34310747
30652969
6337917
19059968
211446
78917086
6124760
73686725
38505891
43786444
9393295
90373963
69031610
18009019
14228779
58229159
91610330
26128211
89497122
86400348
74456083
16002873
94230844
87096458
73025720
10995838
12106776
75855159
91823366
25356231
55314390
49300477
76454515
96099822
78591885
50715114
74962725
66270362
47029782
20389201
70870771
13903876
18214041
48730117
42990138
4365946
9656770
37568402
66585033
21334154
46086897
87541698
5285996
5037330
12829305
6661422
89315105
64195527
17890189
70223474
56947157
69656275
18132070
94994961
26896535
59217291
63303669
16707698
17403523
91180896
53941240
90418241
24632232
71794168
33663920
1125345
35745672
93079207
1426358
65646892
67700727
9696764
33221768
63714777
58690021
8946993
92957656
51953260
76130008
53550265
37296791
19864427
20643384
67827097
4720671
87494552
19733799
36104863
48223051
94907202
57403093
52000061
13545191
37076948
92664635
28143790
60061893
52714757
66896478
33938259
56971499
38161479
41422221
33334600
62267493
87623499
52393320
94969344
78128932
96370844
44503536
53569978
62249373
4868591
4184025
96273684
51878928
42436746
78182816
61397057
88696284
50703092
46582865
54161917
27434535
51726045
31378911
96873243
71879634
79072740
2323018
10130493
56779641
7095982
42099752
57623948
49331304
8911417
19387438
30640452
17488673
79266913
16537827
90892224
46878452
69154591
78416135
75390567
70655705
14471505
89127468
16537002
12266482
36565352
68807283
37692019
73935819
29578996
14283511
35210538
81771690
30587674
92575151
98322282
13110404
75904742
83577767
96582485
3511760
9202339
75166764
70287781
35932538
21487120
99170440
68240245
26896705
47136
22912874
63546084
50044213
14110452
91962707
57418737
763963
99177135
83717935
78621261
54011927
29125161
86604883
64400817
94223331
54384182
45964597
36324634
33839379
20317853
7818706
320562
63395897
34474473
10330036
83034903
77327293
87361688
97625388
20863695
4955736
36619357
82963093
52116341
25019711
88070412
21272966
97237450
64339231
40418256
88441184
89833437
79443437
98406509
43159012
98397349
94953055
27227425
7410447
12466066
45700042
79787463
95616227
82260086
3267361
79745280
12432429
68620375
22410005
68327861
88591951
13462508
40470852
9463158
94175756
19492138
47222703
59843917
58126715
11777797
97990377
20358328
19118218
92062736
91984653
2250592
90554670
35412816
39837382
60905857
77061278
72409287
99866925
90490665
798353
3336962
41095091
62149472
38847758
21812803
93607905
47858730
51475250
84409642
32873820
64330443
52195119
71998555
46268780
37350704
17348036
51312140
99511536
72775737
45845333
95500812
92731543
72629379
14966068
90697248
61377400
14439001
73260175
88597522
93688131
53682989
64001077
22392813
16205542
84537880
78413590
75641524
57090494
87617387
33948592
26275771
55432492
4013244
84260416
24370292
13218629
22888607
64641183
25088613
45220864
54733102
1749221
76219255
99534581
88377546
1877412
16410681
59464585
81236646
63730376
81598811
79685039
54506934
57455093
66345634
45860074
92759694
5310311
11563349
66855405
30971104
33411297
11097295
51122871
98744223
88355777
86179822
94614595
93056131
57418871
65325071
44117726
76094510
75747126
36968385
78279721
75997728
5581503
76721465
85768306
61988409
94279626
93789886
45495723
31964399
44640864
36743996
56596638
59578840
83620154
69581855
8001205
37152665
80913831
63517588
79845660
57520990
90949429
7992387
23184963
11670908
63066562
54955967
71207325
94783336
18169959
36010522
17352872
70459004
36984993
89110872
3680571
67768773
66654707
68155742
53568161
515226
519552
32813658
59627206
8015340
2367866
11401432
44703623
62972468
45520584
42521138
3305485
22201612
63835027
35339302
67858879
6798472
20735979
41476751
44976034
75088398
43396108
8959366
32379969
37852727
88413111
12723025
50620744
67052804
5030523
42237077
12473108
60861507
38351362
93640209
44568602
10915609
93037050
83798793
51445504
14845103
78155964
88670168
24416093
57599532
58204151
76452571
98200129
46464382
13559020
34143494
20061015
56653622
92252711
20687414
99650415
90204808
31939366
23942673
39501939
1661876
65113435
36519513
89551635
58020400
16246559
69103448
21699518
61852358
19856704
3250800
75269609
84920410
89937100
63905312
80235406
2157984
48059459
43650105
66671370
45105381
34355247
92038023
71272272
35919112
85583062
35993526
2059337
60416937
71828990
95925584
73341028
97831422
55060130
86003913
11721745
72799524
98741570
57827641
24996795
11812956
21004697
92502906
13042519
82179770
72289912
11048399
80805981
82363517
26922120
69206888
52406617
86040715
89624442
9345002
71511365
20422822
59498989
3114193
34377583
12044138
43183347
23768395
98320977
21248140
18860268
49674144
19267402
8927317
20519194
95538710
75624935
4391198
69351556
73417355
40587981
26824613
29566270
7956572
64573405
1516769
22067666
17314340
30995336
13843709
45215652
48550986
17171660
58639883
95213633
77269789
2845447
33493084
69959746
4619872
35766828
35923114
87599364
44082341
99514353
32693495
51449422
2702118
16153343
78132437
91206671
20362119
85327467
39334631
43400387
88219394
98255589
26659987
94350416
8482056
98214514
91528306
11048413
10670604
28204018
61240552
47505116
28923529
58419291
58677265
72929304
82448723
39353193
55984163
58304242
86203483
56496794
23924686
5862837
59342156
34429517
24990940
75291469
831551
74888095
82063492
71900458
62233074
24306092
42973418
13174198
78175488
60105594
51567739
27427236
71653800
16016677
68501317
34048860
78790561
64943290
54775347
13664086
12627660
28675960
86056611
37876738
36478832
32695080
19626916
68267391
99075176
39628481
99693506
72254518
87410481
50314465
44622245
402793
11227130
27558414
20275166
39913898
19629566
72927854
58310046
31135130
22606445
30478175
27676808
63495506
85115478
72850748
88260235
33014483
59665871
99907523
25959030
29583950
60447228
18527783
68664363
45877146
94756349
41272076
8564196
53217227
33845040
64865676
73194831
48354101
83181296
983974
28725928
97460286
61741699
94711170
76202538
25253847
8459440
96071797
94874770
49838551
29096954
73567915
14551302
4375011
75597973
6598750
68157609
75314164
62827671
19675323
51863578
70866
65027318
14893643
21335721
47529597
71830814
64468338
89766536
33595707
42325038
17276713
39201269
94273881
66171156
57296886
32883319
67488534
6844238
66401641
73893284
82192176
38381238
56986997
7909177
85836496
24254263
73957634
57481739
72113656
69949249
80526036
32155418
89051655
84393015
40549422
77988357
52088266
60276254
57744545
61670672
54179459
25833644
15918745
45580830
98338644
92140010
26028135
67191231
90834288
19074593
28888140
15808827
17389940
95754096
63542487
26486735
56433199
85156527
87350773
61730725
92161614
63766231
87406760
2715886
14827047
13146841
74819422
91580899
93290833
38859937
65696504
47245099
50882170
91170989
29282068
27694304
17538929
64353097
61607158
72076373
90956127
93408813
2291211
81245337
87479942
31078459
72028014
99356392
90740451
6762582
31503289
92475683
89611184
51763051
21539480
49018124
32551058
86958774
2934819
70181898
24216182
45098296
28488785
93607186
25459512
45138304
56840035
45194427
35332565
57201836
46043568
63050270
2791364
86618637
38034633
75814708
86837397
79180039
47888541
40598041
3738546
1396206
38182049
21720825
89542920
17756254
79505718
38655021
75674979
16642196
8852465
98276740
3988473
11687730
86845552
14080936
91417059
8174733
10997354
41357920
33392449
28614117
97229836
28786607
62261534
62754515
8835247
62983049
77654757
27347685
68086373
33239241
8431392
84798249
94732265
3595920
88766584
50974334
18834784
59603814
2613341
61425608
80538638
98883811
9748176
27777351
74730715
35059994
52638520
14162479
65467909
77186237
1747208
18357032
48196472
59442385
63438239
88292963
58478274
10499576
35157659
80394610
29409049
52208276
75991409
85916601
35323912
19575543
92451851
99548590
93745509
84305673
8780286
59967315
16894864
79674905
9982033
99192761
97976488
69084172
83381111
57676108
43681724
56259853
8556691
61201168
38208135
83601381
74627415
56248238
24693704
3888855
55769001
86590344
96743412
7269149
57463701
75980813
79808569
88988945
46143736
66001099
86761689
47757422
71215019
43835687
22272572
93580675
86109699
89831688
50059535
65911243
65108034
31140024
58448804
20493886
21174986
41699125
56268306
26368873
58465697
84712812
21108786
52909707
26902980
33718342
26746657
46390554
98404427
49776905
54558802
60766243
23067290
72976012
15685640
84649194
89792622
88952078
76093503
82148197
87034359
87427373
60757075
1489196
10592989
59484673
80181664
6052840
20230828
22387125
96370310
67277280
83914839
44085146
88377557
71286170
93484717
94863890
12593579
53020243
42428203
46599500
43328649
81523319
66193904
51140831
73138275
9677945
12384113
97661578
31637993
32498021
63614929
85168535
25549401
69193514
97087566
24821675
52080953
48749384
36771767
16948310
48770645
5964983
36757738
71534560
64066139
33756332
89296261
60256497
41418697
43358210
78852216
10673249
8397480
79050652
4110739
36920021
68975484
79623093
749785
82213325
71213356
1112281
64454705
53544068
65666047
54702271
11774410
76427551
83761685
59720759
2052313
75010333
6363954
24006286
2856082
97914671
38748343
34804364
67160343
96577861
94860185
21239340
88131928
30592309
26504315
63731209
30159914
97336976
7604553
35081676
79419497
85228142
23462250
16422741
86808922
2817591
95334502
56449118
24401886
37846729
17775362
28306856
1682732
45858901
60610714
21608441
30745140
22438247
96445503
49632756
32736715
10609839
47566074
65092812
68024479
30881192
54902095
39719673
15289799
4965190
3765803
57763734
33117543
70412577
87764305
63532819
25332256
92224065
55060936
7126599
69747653
84999395
85409412
99589646
26157358
36630053
30032342
95285908
64157163
269171
45737813
41990752
9531257
74799050
32212107
68426225
93874632
18971251
34882546
71462148
44162387
22840629
85424478
54616630
24386660
51746741
86568821
18079591
27918920
94998655
47681080
83747121
97583349
13420041
31835746
68682003
19771264
86883894
65248214
36508989
84024408
24140414
43590083
22357099
49968024
56252554
62910795
1997172
13408801
80601407
89916085
66706815
64572202
14219671
10174906
25361606
95088897
68457630
64786309
54165858
37473047
39433996
5975958
72599771
93976052
65874915
14020694
88804170
32933334
72191552
34356871
87402879
31069722
66468256
77259968
62679016
39034554
77019668
7083689
60391028
41244746
71514388
13246128
45900456
69817797
21300767
87688968
23539220
94254747
95576860
61964114
59703052
33021834
12254537
79131749
81662599
73142718
54302885
2435728
25250618
84801452
23467656
26530680
48248707
56275364
94703839
35228526
63974984
60926510
89626666
85662901
72204278
56877722
68321448
88572393
91212065
7124006
28090969
42385602
2440681
80669421
18136478
5050534
74442500
83239388
61272876
77833354
86363419
80237516
77129560
39381460
90060361
23572404
68729718
99539071
22708016
6301549
9027470
78096297
91927112
64747006
16986343
20511017
1143043
96196071
46047835
70997555
59360674
77044289
23913209
79698139
2855733
90639047
71897137
58770547
93096978
20832855
78910892
28377740
85083859
90495125
47490235
64244124
57109762
12293894
26945731
69429234
51123726
45368671
85174999
67899663
78089069
60597481
46403120
13671588
59193226
12886259
63802070
16638754
86318535
34977086
27892980
51217217
10385409
13485032
33704827
2455836
92586643
50876224
60308953
76612834
46469635
75335703
40781689
28809923
9519758
16259684
22455420
21392583
28361705
89169399
59225544
64774976
65042207
80657952
59057988
43260127
86462138
88001451
47079545
70169850
6022737
57942340
68122578
86581290
59601749
20445633
28686452
33830907
5494992
30115814
50991133
1248966
6693934
27087689
41943172
82211557
22076990
90932038
74409113
58381662
25621830
43104601
57000966
38515064
42620066
29962573
65392469
93672285
23207611
3493675
96218659
61674943
50575969
36551488
81935782
97625135
67237203
39748896
38360149
44857614
66372010
68173612
25868169
57163731
54991730
5213674
48806185
65079630
33239704
4608775
67084397
76895853
75687258
753240
43853419
19160082
72606396
37565044
83118757
59638144
4290233
88825574
71373856
64554376
9017687
94921256
62660803
57359530
84672022
93319309
25999641
44837776
32291951
70487422
88105686
78020951
88380523
58585984
72820654
49188328
33888712
20648462
10107750
37959561
75568231
80863544
15562620
73032420
32445340
53543082
59743742
65640683
72355406
81386041
3660497
17856419
10714562
20277686
66225441
1921161
44288878
14493173
49840776
8362408
82868875
23197353
72809216
94780449
76252660
91118100
59354720
53592447
45036204
92499843
22364727
40405786
71196254
42493853
39796166
49841879
83473656
38950306
90641723
5530574
90115564
31127200
61491890
69918160
14747153
32388428
3033801
89804002
28552533
90200329
44765713
96427938
80230468
64855637
1925443
65363709
58170504
84160897
23179824
83436614
55922518
13101859
92600679
55687950
55998765
74396906
2332552
79614967
19571432
73553817
8510200
78760453
4243685
95082536
40021844
37586751
14966956
92083856
58556932
84597235
79101903
61625093
41023890
63560991
99968754
11523898
71816263
62407165
36307357
71881430
70359756
66858017
84429496
6647068
46836426
93349707
27743011
86498023
50483819
46779928
10233812
81103731
882648
19032016
42078171
96425231
19081600
78140282
74676802
50209333
48674156
11502696
37568282
76361876
51378032
16624321
34197986
4470344
29307441
30741486
74752906
84733254
31113441
13214207
34912864
79704655
37673365
61857163
33861092
29327224
23430119
75936791
66865873
62262299
38159193
56487402
77598395
43975308
98351357
80426036
82835099
93519945
35364889
26604619
88986121
6758209
30405914
32010426
10006201
61047927
36126549
78806693
85326455
69526168
23343807
30354618
91863757
29115073
19090246
99887885
10777209
82174775
40170390
33179204
87249246
54441000
44930691
12807758
49827389
11344709
46862594
26849367
1860057
90610937
93041796
94284505
29903900
14008104
45200282
12241598
20322519
37724292
3448163
60482747
25479400
79968882
55792912
73170528
79966671
24575007
70822584
91620037
62638400
4445550
30723368
6970577
78022326
99858818
15563612
4811806
82073205
88719409
6096144
3331814
57703998
83810162
10558838
99641936
30720656
84404996
2499260
5671703
58229164
83741662
60591037
41364383
90256664
21647174
74035694
23234633
1338472
88382819
68175181
45213450
88073743
38432146
2824133
42931146
59085179
65236666
63002892
64311591
47371536
89034547
33259175
67575601
18819113
10444184
43705996
19805297
56178792
77469262
37154643
46372410
83635481
62258021
61931303
27888344
22793199
69608384
75663211
79693959
18877524
28128333
13879745
58264265
64341603
34185938
59634048
21695967
92662288
82341151
93730745
9549532
72884813
5527825
67864597
42435666
54351369
40459892
95386863
42376236
88056880
33731759
16388243
2559540
12572117
7660528
89094931
98097630
88838152
25772772
38867076
59803260
358664
57891490
31744766
4773022
36972817
35962264
25458945
84305343
52255583
98460661
60284537
59548819
26655
55538345
63058380
59014155
5949351
85949060
53348162
90818236
5724204
7241447
66645603
21357154
88584647
14757336
84972683
19834934
47083011
57162099
27060500
33641717
48586385
75878947
94026459
72553530
62859847
1563176
14553731
7925531
44795863
26226254
78234389
16661869
15336482
30784480
19191073
72863698
52139577
1548194
92062458
20756792
74993673
9566002
33485846
3420628
88334254
69834788
80781870
78621109
5423558
41050619
92233677
17530358
3263813
67807923
44194435
3587086
87678205
93877733
27311227
13555047
76865858
23225811
90660368
71601996
35036670
86131151
94375972
49612804
71689786
35232363
5591076
50289077
76238513
91680194
36564907
59081659
82103125
18245419
47041544
27327313
11948425
85156555
71741266
51173054
68360678
72523123
99696677
98931367
43778584
75347720
46821724
37136868
98528741
99909335
10033191
49308877
48954869
54785749
90355709
8683927
76360103
22495685
73193427
4731581
78947973
11172954
95973596
2787780
82698464
98226639
1666804
90644810
15485840
88998948
35883458
71807719
21541746
21007512
77365545
38241577
29594722
28849893
3938734
28668429
42406031
64455184
91151987
85112976
68419109
74987830
39825468
9022124
51806921
77340666
30912643
91414964
61802652
62013630
30987706
3594294
87673071
78147822
39269920
69909018
40706345
77458281
35948659
66286561
20402823
87692425
25514015
81092759
52371265
79917124
45032820
78906348
69142426
54788840
93864073
50745343
49996379
84133653
78946263
85425278
63375891
92833541
55439881
32559882
45096011
25497016
36443556
52217300
77533198
83950302
66156410
15088972
16677775
12558185
66230142
94717286
62202001
94097150
3677389
1478288
64941189
38029566
72017809
58123205
56988111
3257162
25569799
20125304
69960698
30236331
82713559
93199688
51212436
63820676
80686098
22018338
93473474
74196370
66960095
32139438
22255287
22559119
35353743
3499281
87606073
97507168
76913718
16021929
97752187
30201682
61770323
21514117
28255213
84760344
37235170
67110466
22085113
13042501
18400464
1055080
16823422
29077148
72605497
80156546
6475737
44204362
51670285
47123271
8608144
849899
37957812
38498651
34714964
67405439
78585510
77870523
37192681
43361856
19715616
31652040
60666275
93977062
11431059
4177597
48684010
84562387
94259848
29013704
63262969
94159482
55153038
46879085
77434161
16699035
41830646
58717033
47602973
52451629
78688649
1995436
72275115
15557383
64955069
92956933
19898300
98230090
26746071
79786452
4309761
9754481
92504528
76252656
61293570
8624636
39129675
7424827
83461587
19204444
38593243
11197311
98031682
25447553
20883757
28447843
87534770
95030701
26554266
14748766
70251188
13904244
35270451
50105289
54406495
32252333
16227365
49912866
54739675
15604125
65760619
89251656
57296996
51518407
65236606
60900101
2406199
55405822
55371840
73795927
60589381
41076242
68522229
80205438
89273691
48196659
67666916
58874153
80023330
69320382
95219490
98288108
80963437
80700787
29268234
62384661
748741
94278545
58546605
19311008
84708273
75126253
52864814
10674710
74186586
85624103
64956538
93733553
57149127
31103745
25032825
48082978
70114229
56278310
2834226
68482048
1429604
10199218
2706064
13059872
44490963
7917946
4711527
31869918
1579947
93905771
54915731
7071085
67552705
50193032
26380346
34461639
12531220
33370087
97025247
41942482
26683369
78809453
37636198
58867695
68615453
92841010
82318228
95533824
19403623
82940890
70172472
7252508
83040050
98699468
25731578
12543552
51882613
87935945
5553463
30980481
62482661
35717386
62076965
87077109
17359064
43206779
54055110
43890987
57236084
1648588
75823159
24560273
1530317
50319580
8747636
70092060
11617571
46775874
89516950
37535568
71965510
32870474
34388413
29131886
30253786
10261735
11483522
76687432
62726443
54797546
40626221
35424840
19180779
31954998
40401440
91068133
85972995
16968196
39485212
92383260
65707400
78871256
20735759
4026915
65932894
66447536
92651788
75445971
66569863
23025521
7223666
82847876
46759598
83304627
64844255
76714935
47113008
20824417
96918016
25022186
41927895
71921204
58993126
15460459
84763031
93782082
4923817
81831214
33954973
25398469
97156855
74380938
61050741
33310500
16426206
14180566
94386561
25370587
37432401
46250565
90994275
42723552
56483267
66665973
55193410
15039464
47529363
84229385
80071270
10827041
89837460
10605217
44814559
50895805
38499874
27291767
96193144
26570848
86908296
26189086
66948411
45729818
30413305
63906047
25374494
25119629
8960898
27393734
41079829
21471118
63556257
68224945
69081671
76136988
69391336
33610825
62048112
36832720
31756546
86718665
36398867
59773213
35414183
53510555
65087547
56891615
59326680
31370540
97994932
42333306
80544593
82098049
82951143
19647970
89814584
51062483
74106859
45521195
75137223
28542982
51470186
89038803
39614725
97840332
55581148
68039658
82539033
53049521
13956715
44636508
13069051
35562917
18397837
56975746
20679953
81298906
34368923
34284051
78177817
88102707
64300275
25925671
65897974
86057498
68803331
642623
72962473
10833368
84400647
29759299
73573442
78764394
64755806
25194334
19578698
95891289
26756125
84226663
82044648
23333423
78960949
3136769
76289634
91629137
78165657
61981264
63008417
5045428
5793558
95178495
34388111
38654947
79613173
48960700
19943310
8202666
89706052
75068110
74971077
57467970
39909139
8998187
91665576
63249444
51627653
13115669
78292676
13569780
21937236
7431110
37055059
85699751
54563205
74319289
47100397
28219619
64947501
78008563
8442449
96053766
27433022
34187918
29384919
6378726
17162495
98710326
30428910
97317796
62774797
62121424
78758887
66600133
27864027
1749663
16444645
82189302
38627196
31696455
56602798
3047736
1053423
70611277
62939875
51796700
68518804
13420693
99530591
29586877
73717269
19787687
37227448
17876852
88941665
46103207
40980915
74878092
98587954
57690675
60931041
85374011
49873603
72043196
55782267
35855784
24514281
93810182
46255293
45985132
5697175
62402552
59069559
63912777
69458877
88489055
10177619
68804752
39659016
5174116
73361825
47264736
55091022
2642788
88909696
2546768
24541365
80860922
37613265
24891636
30382849
94541327
11068885
10230588
36109571
36845732
70416190
40826412
89514858
64786638
87317765
46021538
85149983
41652177
13062945
33886017
17079852
47639100
9445103
18929530
69849025
28366160
48527870
49815586
10226204
58017128
83000863
88019555
65146727
26992151
2788614
89902019
45404528
31122957
51865650
78583265
98764635
98816189
49351039
93071252
87179712
26463056
35420633
33756071
18180284
9984399
8521445
60003039
28738509
73886546
57304835
4923339
18104829
91973768
48967765
65032033
77564166
86256692
82130179
51213522
82063357
26167643
53882142
15436038
89394746
76326387
8244843
90340098
1678609
74973668
23517997
63610479
6725906
43967500
53430632
2740162
14537708
65782817
88416098
17678639
71906591
17760813
59081280
20784304
58025192
58207852
10823445
88937886
44934498
14335345
44426393
43825631
68650291
24617872
84372011
39456457
66268115
62617892
45485519
29283217
77120042
42678985
1095737
34787795
95984108
43105431
69029641
51040005
3293399
85481088
68377412
63852410
90339258
74776803
19451267
45617224
5714501
10503624
52645225
63716533
65996995
7393244
55780626
12512430
62734655
20864310
2765586
23091971
99343185
5070182
32723270
94390352
79169905
39841403
20660117
88297030
36684624
470427
58757095
41348673
16497515
5698700
92694181
18887101
35107091
73633915
91822800
31053805
40646734
42020133
27009875
82348053
9828070
94687396
84677814
718795
22285078
64078031
18174037
62583568
97679514
68720811
75529189
34044412
38033803
84263676
11833367
6254186
33051030
98096856
43688498
40515079
54256161
92458297
54026566
28914561
21045686
84256890
1226822
1310509
98559472
33401550
72150619
14156628
59656851
47972268
12863786
99972118
78988361
54669622
46537285
1349141
35272510
56371775
24965226
92060574
5337297
60493654
17914149
85357127
35345934
7076001
41349683
30201616
21654196
20402643
45073499
18648380
94236416
4724977
89667841
81600305
91522847
91286397
85730937
14618127
49485336
61583076
85371628
70943231
39080304
22408816
46416586
56119680
13057266
84816441
42365499
98714812
59173645
50484774
71894748
73680184
66711106
99741092
38482297
52584341
43599723
69529330
5527735
63056665
72701336
64850104
30275
71172162
9207621
30487042
11560856
3075613
21014380
12038538
66832913
43229671
14977814
67274665
6402212
96436577
35119105
62231615
21993039
90380653
17659620
31793619
66831392
49225416
86046963
20716810
7418850
65676646
66537757
59329879
73176028
79914270
9809127
73137997
51279328
51704112
3613318
97479241
79977328
67561009
2586266
19592065
82346205
59034774
9000124
95251894
40980033
87194243
71897893
79452609
11626812
30551253
49419689
3582093
38382686
39418836
18478000
2669992
93478898
48103464
30655703
55382094
71009550
23087790
38401788
87257456
2119177
97573839
24837064
52740394
87282645
86214359
72080946
98032419
84723932
45987549
70254240
51255745
6663524
54061426
51740159
58200324
62996009
89880111
44654909
61243100
14776179
63793319
8073061
53985555
85606886
31032227
57689918
20657371
22005360
54756559
50570293
66781037
89929254
76796350
34758606
11313321
84119341
25757126
57125699
64713343
18356699
9918543
45228609
52107004
85494956
75242924
2697270
20642300
8410392
73472520
37463454
40448716
41837142
37741219
32775761
25279756
89528869
85606874
61936362
7327028
43353969
45039000
33625429
17304888
19562717
17984575
22038517
42766105
92896933
97368266
88729109
59772777
32761086
55555069
40967312
83989584
38655149
53995606
97895888
15974812
95133407
37835060
21982385
17928471
53297966
50587369
71926435
42634413
76773717
74342363
23815040
98861712
34389594
65230981
92628809
59894867
52328219
86004922
87227385
92519563
80365538
21707605
30104196
57166739
51974765
69640071
36730882
2469863
2880625
19246581
13677175
72570036
46266686
90197191
90414917
39046912
33279473
3725360
7773231
59808710
38629414
20608114
59182258
33789343
80789175
38225893
85889121
86953491
18705595
46160968
43510331
82581522
588874
65329662
10816472
28385361
28341996
16522873
3409397
61147501
88191772
35444625
20907144
63240752
15005948
11009049
33286821
8624597
93735040
17000319
38560317
97086951
86736432
34720189
92143754
67524972
4929242
42923483
60700249
75849842
94050782
97515768
76558963
69268904
62074800
7196075
13286947
53149724
86069640
39705074
74069018
25315518
38932855
81133939
14448411
45294754
76950655
16424877
82859627
94252144
36480567
36928074
51176805
64625280
14036583
88166078
94499304
25597492
76509361
48822517
27843349
50422305
87121417
56878037
83703653
64312967
75092051
27239891
15992018
32873695
8307970
59237236
26987553
79912898
13620599
59170876
62032199
99899311
82404119
34714414
545201
6355104
56939539
90852048
3872907
55912331
35365643
69158014
98454690
13945973
86187079
36869496
804399
36256502
87470987
6887486
93754810
44843535
75417816
40968730
95669486
39499540
9581865
93129471
39149784
42106089
16151099
73704553
12955927
91652299
95110651
63746734
54054811
75987679
11389971
69030028
39481225
2369229
95937478
19497233
44394618
42276531
49213394
47081452
60698615
95134318
90116697
14426992
5070102
84985360
79317789
68756659
79585506
23123676
76963327
11760300
14639587
8396848
20599216
78561987
36879935
66015774
19005953
12466221
73751748
51952223
83705137
66787306
1657910
92249916
7758826
90874691
7907669
64654210
98225975
79355173
72846551
37695497
20201042
29979497
6684453
36717172
25542531
49855974
62255982
44177603
9654471
18001283
58238465
52043189
46360449
57094572
25182953
62512529
20461461
76453604
17616300
85608109
31498819
24808712
41322932
68311286
66611552
7520383
36341085
54965193
67543504
1832748
4771481
85804564
66169984
99473293
89136951
89114133
86924293
34164849
1912561
77251000
21134193
46754295
33540121
8331387
10038368
63362022
49324561
35785007
21308773
76359669
96743970
69096742
15285611
41084233
43143553
28297502
56682853
58202029
3278571
11129295
81592631
72299074
42499783
86206050
47635013
85928897
97159233
43034255
52179182
96430023
49860935
21610597
69333070
79512779
4525441
15198485
38559888
36006916
75546672
35390948
26328303
93097018
2507261
34925189
42725370
20498832
59256240
23229782
50977493
51958475
38820156
59392945
68690253
76154497
98770833
63078889
11735241
16179880
51080256
91345161
60978025
73634180
47644591
24440661
8184009
61175518
95394110
53228115
58068989
61528639
69464886
1292792
59195257
9964140
13190357
77491965
10291494
50655751
21635974
82930734
6683717
57964971
68042661
57332609
20013706
27967720
49923315
95250619
26326751
68541271
89846168
33718335
83348956
63293334
10018038
60663491
36556258
85380947
83357468
35655869
37642676
29594111
68218628
1308691
8515079
26570197
26331340
80690245
68007568
5525818
34594321
15061397
16895554
48624661
45208965
96461245
53088117
14470180
18395599
90195017
52786100
97767968
90781569
15572743
43549567
78153093
94258993
60494196
21375460
90838539
77773189
62181200
63395452
19883348
17118783
63859198
78172424
78420560
7499854
91425376
38992632
15822168
73922505
49933130
65093584
12590728
14654879
97610190
76229301
18354223
29840462
81156872
1302299
38749221
61141907
23676700
91946826
81404269
15815029
7838480
84363358
13665880
50726377
95073503
57288613
22781280
42594309
32404869
3839750
93821334
98966087
46613606
93575352
67154157
25455794
16773086
15855319
92008145
71316600
28870657
28561287
81867132
14021513
72905622
40706060
32214930
79897618
74495142
38094988
10613918
97164685
68260021
2281070
51134725
49982627
16715361
81933489
46121228
54798147
65703285
78538709
2793815
2538700
47912425
6740512
53891451
15563477
60231101
57599745
23218443
27084691
63899045
4183713
88219918
58594725
21014876
72792661
22822586
64905680
90183806
92278356
40318880
63716397
27096468
93522751
17600152
80885303
41815810
57151681
77594172
26113184
66863653
6898504
15415148
20701283
73909149
68849933
20878690
18228794
95075212
18730589
83963332
86711396
69366477
66457126
17368671
52315714
60053038
79726238
25492249
36579395
19784314
65221916
78932967
41188421
92859849
97478540
96228574
97423222
23278261
93360352
53924156
95073954
91151515
74131334
87472230
42084932
1428690
46937643
97260508
33366900
98274887
288098
24412256
58602142
65436779
44857435
36464957
37132527
6767078
2085972
5116220
28273037
12535563
52176397
13145531
98133758
17239285
50200250
9453459
38077432
24303373
26379222
73410620
82898172
14158599
60083107
41467656
86389083
34989917
73574818
2637600
9062459
20053223
33062923
55777210
2035003
75860444
32999244
40715675
88357856
2773818
60575899
63731447
49343894
22643247
2375527
38023032
36360980
4836208
21268881
77069135
62413720
55419311
94559218
88811122
89137941
24843201
94091896
68890864
67306118
30224544
56081506
74233647
70070702
16112163
10214837
90555499
12414570
94453495
14572753
46338552
45616543
85028524
763023
9866196
54103448
561037
25385346
51610432
64215715
46520794
63437550
47780059
22143738
94667796
8159514
19438447
61362542
54724622
49229672
83717818
70186148
69350032
99452594
87745137
61957235
55357446
28251431
83406421
44380810
25022301
51159298
69201784
35296097
22288801
97426927
60977096
48918844
35844139
47053555
98931644
33271496
94824533
61566703
59797371
70598381
65176525
85392988
32084122
18864404
43705241
90659227
90547608
63066457
52976591
20714838
44743909
72415683
25564641
29874523
42250279
16196576
56676087
74761819
93027040
63433952
99285799
49027735
18118470
23863520
87382114
95344614
91305243
83636705
21622280
85061731
60917008
3945629
22777823
63204850
45758308
58460149
67828834
72957894
56393611
39242572
90981856
87480704
57217799
39189482
78517531
28616621
57984150
26740370
8349651
20473820
35946381
49665160
80003179
22343662
20097382
37511792
68899692
64824435
86096378
64515438
17731628
50481504
56749309
71425763
39835826
69667115
4903359
83714959
38482321
74119427
68175888
84848372
25241176
89706019
75332605
40392800
35977949
61170751
78105041
3489411
96677681
17344967
62304273
95834772
35398532
8637008
83525333
38357943
28977029
87165
54105577
15805616
26532761
1280695
90822785
97386612
74694177
47928773
39037909
52936428
57282132
77059132
2877556
86118088
33302868
58287171
83929511
80069071
37716002
76814326
34437378
71180963
95093011
30326157
92805715
34244420
52908343
93178716
11925861
89634419
60023850
14598901
21402466
67573490
29963567
66723134
63484690
7071752
96360189
24157447
68322974
92012151
21834081
27850723
42243847
48801972
7861878
16936161
2938539
56147516
59583885
87305692
58356086
72434662
71665732
26975428
45983008
19592498
42553562
72106398
26037616
7537751
92059372
47619783
34484817
19923694
26169060
33823228
59295813
3133177
1619807
37415127
23047433
630774
2961895
91730368
18460788
36374246
42639840
36023594
75383760
97972062
63405334
23415530
24492265
21855276
83145110
3558215
85810012
54377926
70470226
455826
54990378
83885156
89446922
32483960
92546630
58088090
1279002
92014538
48179978
95611558
56484370
21606830
42907330
68792213
63473933
87038843
97471553
85703292
96536617
220422
49702778
25221836
38165329
25640597
60568726
27416229
1905925
4501920
37029571
59924143
87719012
14806358
70307982
2791032
34701083
76701756
48759548
82718891
66220104
39476192
95435128
8498922
96762660
30035390
45558540
91453062
70007594
42833277
63960160
4427071
73262460
60169624
12546950
85859020
18978471
26995878
26111985
91989554
86383226
87680547
20051043
65140115
2123908
95509848
59580977
56693680
52341290
35134861
64657678
33254106
54485918
87574266
12580393
75589617
11860381
6685903
67702238
96524517
80973851
84684390
84488922
74229733
20426371
23980546
21031857
2492676
45930712
72320543
51474125
34328423
97864115
96492370
5898159
55410982
86431121
18759122
45326753
62601850
1993
17639310
54654840
56247017
50887012
6565702
30962109
26703568
22162198
28788167
21838966
49140047
96088397
44740367
94056166
63867644
14502472
45409167
33009748
32962931
41755732
39909266
67722238
34335469
11616433
69772
26742775
8026240
92365041
68459974
3002435
18662008
23143697
7045604
15227674
38134551
57686767
82886416
97794033
35488271
58298993
26975388
87354384
36748334
96345210
53250444
19689736
58961223
95722890
38285184
60965099
28941234
54003207
61388484
55663816
62778197
8408639
193709
77842458
26074440
66237670
53058162
30735170
2420912
19642907
50072460
92483163
49395143
18432694
35138865
61836669
89951338
23084366
42546281
70673633
90415283
37749143
78955074
21174786
12711302
81718419
76206931
34351813
96664691
34895373
18714482
79782531
1554434
68824324
37044325
43976340
51811090
64563852
23239186
87195211
20738576
42174573
49968996
90837992
10468237
50643071
25158327
47179245
14870730
49392169
31752422
14438915
79686404
80730868
4992174
21691727
13553305
91769793
72700425
57093639
12452666
7383591
75829248
1372352
41637897
54944112
91790806
89975403
45323891
44722421
63938945
51387245
42428368
86999904
73772107
80130750
15046026
33877287
31038774
69830001
42922659
77366016
74538998
32605931
50640382
93766826
23242166
20077898
5755053
22037028
5736656
40988388
23780416
59233809
89795839
78377116
94112238
66768130
78237436
76893510
66135800
82614530
1800742
10291682
60347712
81903121
76951394
25943205
44284310
4467528
19595828
91843384
42475201
62121667
15626841
85142052
93796236
59027882
25690302
61633301
28281591
72711193
64533057
73978719
20854310
53552663
60263824
76002350
95284150
39403382
42090410
11532746
61552781
74936615
11404710
6517246
58416814
4273747
10989444
67670350
20844008
38394825
218959
66779829
92730366
57444429
10560564
14387591
24859628
95690005
16792907
31858535
74834648
45601242
40073776
52368934
25428435
48541815
29816628
44736546
80221110
19664894
6170957
49884526
95605332
31634782
54521547
63684145
48440777
86902883
49258887
51089526
82021805
21698758
7095185
7240243
11873540
89170535
56275784
84731982
18672020
19870655
55067824
75864826
58733116
17100080
87837038
65533419
68829049
78175941
99762099
66279298
91082750
3121533
86574247
48666281
64258187
86228282
45676077
87931054
13895780
17749563
11404020
28919071
48970891
86141612
29454838
28760794
87842359
44240133
82355169
15072444
90488064
7357116
3801142
15348549
1898784
49654665
66173759
62303021
49516445
31530894
90907982
94569402
68164173
45727995
20138855
67371457
14671730
76775444
1151551
85678364
8596648
8651856
10710346
27550132
91819358
58360734
50925137
30022291
77587177
8695336
28962026
31248396
48123903
52160569
21858025
68443677
36391265
56700394
59057060
63739078
83597118
78610364
2603788
42165421
90156378
58943273
39421504
22152971
11296037
36457821
50852012
7891663
53007308
50771569
9444185
48148746
17658018
47467275
79145870
9620220
60781464
78608316
10922179
37671043
17479658
52981239
96389586
69520174
9761981
96465632
3082630
61776559
7239083
66231134
14826940
74817897
90300474
41711645
91348468
72667983
66608986
58996147
35154769
42984898
48588885
8188294
84764268
2063502
68913341
98979798
86471663
86016354
40831443
92543436
28101243
89541466
92773133
41346872
59625553
5161832
40808262
40565078
66055923
43237094
75350732
99718953
24702869
13557272
88779379
52486458
33721917
49407133
32658757
10813901
29226231
36970549
79425525
14682842
18075018
84653113
1627414
98705806
17755915
73813074
3095285
44575434
48215007
74135396
66613177
98960856
80847515
17062116
59989484
48380301
29645204
36007629
70226116
62679061
67095641
2894532
38897656
24248684
75429373
84645500
64744910
66678332
32810486
44927068
47444900
52803935
38880760
2519773
62051947
45608135
98371262
12573882
41043826
40802678
16302940
52709344
85406715
98828810
